6.031172839506172778e+01 4.126506024096385783e-01 1.000000000000000000e+00
6.031944444444444287e+01 4.126506024096385783e-01 1.000000000000000000e+00
6.032716049382715795e+01 4.427710843373494076e-01 1.000000000000000000e+00
6.033487654320987303e+01 4.186746987951807109e-01 1.000000000000000000e+00
6.034259259259259522e+01 4.186746987951807109e-01 1.000000000000000000e+00
6.035030864197531031e+01 3.975903614457831359e-01 1.000000000000000000e+00
6.035802469135802539e+01 3.975903614457831359e-01 1.000000000000000000e+00
6.036574074074074048e+01 3.975903614457831359e-01 1.000000000000000000e+00
6.037345679012345556e+01 3.644578313253011848e-01 1.000000000000000000e+00
6.038117283950617065e+01 3.644578313253011848e-01 1.000000000000000000e+00
6.038888888888888573e+01 3.313253012048192891e-01 1.000000000000000000e+00
6.039660493827160792e+01 3.493975903614457978e-01 1.000000000000000000e+00
6.040432098765432301e+01 3.493975903614457978e-01 1.000000000000000000e+00
6.041203703703703809e+01 3.885542168674698815e-01 1.000000000000000000e+00
6.041975308641975317e+01 3.885542168674698815e-01 1.000000000000000000e+00
6.042746913580246826e+01 4.126506024096385783e-01 1.000000000000000000e+00
6.043518518518518334e+01 4.277108433734939652e-01 1.000000000000000000e+00
6.044290123456789843e+01 4.277108433734939652e-01 1.000000000000000000e+00
6.045061728395062062e+01 4.337349397590361533e-01 1.000000000000000000e+00
6.045833333333333570e+01 4.337349397590361533e-01 1.000000000000000000e+00
6.046604938271605079e+01 4.246987951807228989e-01 1.000000000000000000e+00
6.047376543209876587e+01 4.006024096385542022e-01 1.000000000000000000e+00
6.048148148148148096e+01 4.006024096385542022e-01 1.000000000000000000e+00
6.048919753086419604e+01 3.765060240963855609e-01 1.000000000000000000e+00
6.049691358024691112e+01 3.734939759036144391e-01 1.000000000000000000e+00
6.050462962962962621e+01 3.734939759036144391e-01 1.000000000000000000e+00
6.051234567901234840e+01 3.975903614457831359e-01 1.000000000000000000e+00
6.052006172839506348e+01 3.975903614457831359e-01 1.000000000000000000e+00
6.052777777777777857e+01 4.246987951807228989e-01 1.000000000000000000e+00
6.053549382716049365e+01 4.096385542168674565e-01 1.000000000000000000e+00
6.054320987654320874e+01 4.096385542168674565e-01 1.000000000000000000e+00
6.055092592592592382e+01 4.216867469879518326e-01 1.000000000000000000e+00
6.055864197530863891e+01 4.216867469879518326e-01 1.000000000000000000e+00
6.056635802469136109e+01 4.487951807228915402e-01 1.000000000000000000e+00
6.057407407407407618e+01 4.487951807228915402e-01 1.000000000000000000e+00
6.058179012345679126e+01 4.487951807228915402e-01 1.000000000000000000e+00
6.058950617283950635e+01 4.487951807228915402e-01 1.000000000000000000e+00
6.059722222222222143e+01 4.487951807228915402e-01 1.000000000000000000e+00
6.060493827160493652e+01 4.487951807228915402e-01 1.000000000000000000e+00
6.061265432098765160e+01 4.487951807228915402e-01 1.000000000000000000e+00
6.062037037037037379e+01 4.487951807228915402e-01 1.000000000000000000e+00
6.062808641975308888e+01 4.487951807228915402e-01 1.000000000000000000e+00
6.063580246913580396e+01 4.578313253012047945e-01 1.000000000000000000e+00
6.064351851851851904e+01 4.578313253012047945e-01 1.000000000000000000e+00
6.065123456790123413e+01 4.698795180722891707e-01 1.000000000000000000e+00
6.065895061728394921e+01 4.698795180722891707e-01 1.000000000000000000e+00
6.066666666666666430e+01 4.728915662650602370e-01 1.000000000000000000e+00
6.067438271604937938e+01 5.000000000000000000e-01 1.000000000000000000e+00
6.068209876543210157e+01 5.000000000000000000e-01 1.000000000000000000e+00
6.068981481481481666e+01 5.421686746987951500e-01 1.000000000000000000e+00
6.069753086419753174e+01 5.421686746987951500e-01 1.000000000000000000e+00
6.070524691358024683e+01 5.572289156626506479e-01 1.000000000000000000e+00
6.071296296296296191e+01 5.210843373493976305e-01 1.000000000000000000e+00
6.072067901234567699e+01 5.210843373493976305e-01 1.000000000000000000e+00
6.072839506172839208e+01 4.849397590361445576e-01 1.000000000000000000e+00
6.073611111111111427e+01 4.849397590361445576e-01 1.000000000000000000e+00
6.074382716049382935e+01 4.849397590361445576e-01 1.000000000000000000e+00
6.075154320987654444e+01 4.638554216867469826e-01 1.000000000000000000e+00
6.075925925925925952e+01 4.638554216867469826e-01 1.000000000000000000e+00
6.076697530864197461e+01 4.427710843373494076e-01 1.000000000000000000e+00
6.077469135802468969e+01 4.397590361445782858e-01 1.000000000000000000e+00
6.078240740740740478e+01 4.397590361445782858e-01 1.000000000000000000e+00
6.079012345679012697e+01 3.945783132530120696e-01 1.000000000000000000e+00
6.079783950617284205e+01 3.945783132530120696e-01 1.000000000000000000e+00
6.080555555555555713e+01 3.524096385542168641e-01 1.000000000000000000e+00
6.081327160493827222e+01 3.554216867469879304e-01 1.000000000000000000e+00
6.082098765432098730e+01 3.554216867469879304e-01 1.000000000000000000e+00
6.082870370370370239e+01 3.584337349397590522e-01 1.000000000000000000e+00
6.083641975308641747e+01 3.584337349397590522e-01 1.000000000000000000e+00
6.084413580246913256e+01 3.584337349397590522e-01 1.000000000000000000e+00
6.085185185185185475e+01 3.433734939759036098e-01 1.000000000000000000e+00
6.085956790123456983e+01 3.433734939759036098e-01 1.000000000000000000e+00
6.086728395061728492e+01 3.283132530120481674e-01 1.000000000000000000e+00
6.087500000000000000e+01 3.253012048192771011e-01 1.000000000000000000e+00
6.088271604938271508e+01 3.253012048192771011e-01 1.000000000000000000e+00
6.089043209876543017e+01 2.981927710843373380e-01 1.000000000000000000e+00
6.089814814814814525e+01 2.981927710843373380e-01 1.000000000000000000e+00
6.090586419753086744e+01 2.771084337349397630e-01 1.000000000000000000e+00
6.091358024691358253e+01 2.891566265060240837e-01 1.000000000000000000e+00
6.092129629629629761e+01 2.891566265060240837e-01 1.000000000000000000e+00
6.092901234567901270e+01 3.162650602409638467e-01 1.000000000000000000e+00
6.093672839506172778e+01 3.162650602409638467e-01 1.000000000000000000e+00
6.094444444444444287e+01 3.283132530120481674e-01 1.000000000000000000e+00
6.095216049382715795e+01 3.403614457831325435e-01 1.000000000000000000e+00
6.095987654320987303e+01 3.403614457831325435e-01 1.000000000000000000e+00
6.096759259259259522e+01 3.463855421686746761e-01 1.000000000000000000e+00
6.097530864197531031e+01 3.463855421686746761e-01 1.000000000000000000e+00
6.098302469135802539e+01 3.403614457831325435e-01 1.000000000000000000e+00
6.099074074074074048e+01 3.403614457831325435e-01 1.000000000000000000e+00
6.099845679012345556e+01 3.403614457831325435e-01 1.000000000000000000e+00
6.100617283950617065e+01 3.403614457831325435e-01 1.000000000000000000e+00
6.101388888888888573e+01 3.584337349397590522e-01 1.000000000000000000e+00
6.102160493827160792e+01 3.584337349397590522e-01 1.000000000000000000e+00
6.102932098765432301e+01 3.524096385542168641e-01 1.000000000000000000e+00
6.103703703703703809e+01 3.524096385542168641e-01 1.000000000000000000e+00
6.104475308641975317e+01 3.283132530120481674e-01 1.000000000000000000e+00
6.105246913580246826e+01 3.343373493975903554e-01 1.000000000000000000e+00
6.106018518518518334e+01 3.343373493975903554e-01 1.000000000000000000e+00
6.106790123456789843e+01 3.463855421686746761e-01 1.000000000000000000e+00
6.107561728395062062e+01 3.463855421686746761e-01 1.000000000000000000e+00
6.108333333333333570e+01 3.524096385542168641e-01 1.000000000000000000e+00
6.109104938271605079e+01 3.795180722891566272e-01 1.000000000000000000e+00
6.109876543209876587e+01 3.795180722891566272e-01 1.000000000000000000e+00
6.110648148148148096e+01 3.975903614457831359e-01 1.000000000000000000e+00
6.111419753086419604e+01 3.975903614457831359e-01 1.000000000000000000e+00
6.112191358024691112e+01 3.975903614457831359e-01 1.000000000000000000e+00
6.112962962962963331e+01 4.096385542168674565e-01 1.000000000000000000e+00
6.113734567901234840e+01 4.096385542168674565e-01 1.000000000000000000e+00
6.114506172839506348e+01 4.307228915662650870e-01 1.000000000000000000e+00
6.115277777777777857e+01 4.397590361445782858e-01 1.000000000000000000e+00
6.116049382716049365e+01 4.397590361445782858e-01 1.000000000000000000e+00
6.116820987654320874e+01 4.367469879518072196e-01 1.000000000000000000e+00
6.117592592592592382e+01 4.367469879518072196e-01 1.000000000000000000e+00
6.118364197530863891e+01 4.246987951807228989e-01 1.000000000000000000e+00
6.119135802469136109e+01 4.367469879518072196e-01 1.000000000000000000e+00
6.119907407407407618e+01 4.367469879518072196e-01 1.000000000000000000e+00
6.120679012345679126e+01 4.939759036144578119e-01 1.000000000000000000e+00
6.121450617283950635e+01 4.939759036144578119e-01 1.000000000000000000e+00
6.122222222222222143e+01 5.391566265060241392e-01 1.000000000000000000e+00
6.122993827160493652e+01 4.819277108433734913e-01 1.000000000000000000e+00
6.123765432098765160e+01 4.819277108433734913e-01 1.000000000000000000e+00
6.124537037037036669e+01 4.337349397590361533e-01 1.000000000000000000e+00
6.125308641975308888e+01 4.337349397590361533e-01 1.000000000000000000e+00
6.126080246913580396e+01 4.337349397590361533e-01 1.000000000000000000e+00
6.126851851851851904e+01 4.367469879518072196e-01 1.000000000000000000e+00
6.127623456790123413e+01 4.367469879518072196e-01 1.000000000000000000e+00
6.128395061728394921e+01 4.337349397590361533e-01 1.000000000000000000e+00
6.129166666666666430e+01 4.457831325301204739e-01 1.000000000000000000e+00
6.129938271604937938e+01 4.457831325301204739e-01 1.000000000000000000e+00
6.130709876543210157e+01 4.608433734939759163e-01 1.000000000000000000e+00
6.131481481481481666e+01 4.608433734939759163e-01 1.000000000000000000e+00
6.132253086419753174e+01 4.608433734939759163e-01 1.000000000000000000e+00
6.133024691358024683e+01 4.638554216867469826e-01 1.000000000000000000e+00
6.133796296296296191e+01 4.638554216867469826e-01 1.000000000000000000e+00
6.134567901234567699e+01 4.608433734939759163e-01 1.000000000000000000e+00
6.135339506172839208e+01 4.608433734939759163e-01 1.000000000000000000e+00
6.136111111111111427e+01 4.608433734939759163e-01 1.000000000000000000e+00
6.136882716049382935e+01 4.759036144578313032e-01 1.000000000000000000e+00
6.137654320987654444e+01 4.759036144578313032e-01 1.000000000000000000e+00
6.138425925925925952e+01 4.879518072289156794e-01 1.000000000000000000e+00
6.139197530864197461e+01 4.879518072289156794e-01 1.000000000000000000e+00
6.139969135802468969e+01 4.849397590361445576e-01 1.000000000000000000e+00
6.140740740740740478e+01 4.668674698795180489e-01 1.000000000000000000e+00
6.141512345679012697e+01 4.668674698795180489e-01 1.000000000000000000e+00
6.142283950617284205e+01 4.578313253012047945e-01 1.000000000000000000e+00
6.143055555555555713e+01 4.759036144578313032e-01 1.000000000000000000e+00
6.143827160493827222e+01 4.759036144578313032e-01 1.000000000000000000e+00
6.144598765432098730e+01 4.879518072289156794e-01 1.000000000000000000e+00
6.145370370370370239e+01 4.879518072289156794e-01 1.000000000000000000e+00
6.146141975308641747e+01 4.789156626506024250e-01 1.000000000000000000e+00
6.146913580246913256e+01 4.789156626506024250e-01 1.000000000000000000e+00
6.147685185185185475e+01 4.789156626506024250e-01 1.000000000000000000e+00
6.148456790123456983e+01 4.548192771084337283e-01 9.999999999945720086e-01
6.149228395061728492e+01 4.548192771084337283e-01 9.999999169799079768e-01
6.150000000000000000e+01 4.307228915662650870e-01 -1.000000000000000000e+00
6.150771604938271508e+01 4.668674698795180489e-01 9.999999999999984457e-01
6.151543209876543017e+01 4.668674698795180489e-01 9.999999999818983687e-01
6.152314814814814525e+01 5.030120481927711218e-01 1.000000000000000000e+00
6.153086419753086744e+01 4.939759036144578119e-01 1.000000000000000000e+00
6.153858024691358253e+01 4.939759036144578119e-01 1.000000000000000000e+00
6.154629629629629761e+01 4.578313253012047945e-01 -1.000000000000000000e+00
6.155401234567901270e+01 4.578313253012047945e-01 -1.000000000000000000e+00
6.156172839506172778e+01 4.307228915662650870e-01 -1.000000000000000000e+00
6.156944444444444287e+01 4.307228915662650870e-01 -1.000000000000000000e+00
6.157716049382715795e+01 4.307228915662650870e-01 -1.000000000000000000e+00
6.158487654320987303e+01 4.728915662650602370e-01 -9.999999999999998890e-01
6.159259259259259522e+01 4.728915662650602370e-01 -1.000000000000000000e+00
6.160030864197531031e+01 5.150602409638553869e-01 1.000000000000000000e+00
6.160802469135802539e+01 5.180722891566265087e-01 1.000000000000000000e+00
6.161574074074074048e+01 5.180722891566265087e-01 1.000000000000000000e+00
6.162345679012345556e+01 5.240963855421686413e-01 1.000000000000000000e+00
6.163117283950617065e+01 5.240963855421686413e-01 1.000000000000000000e+00
6.163888888888888573e+01 5.240963855421686413e-01 1.000000000000000000e+00
6.164660493827160792e+01 5.180722891566265087e-01 9.999999999999968914e-01
6.165432098765432301e+01 5.180722891566265087e-01 9.999999999853276256e-01
6.166203703703703809e+01 5.090361445783132543e-01 -9.999614371747184149e-01
6.166975308641975317e+01 5.210843373493976305e-01 9.999999717408628586e-01
6.167746913580246826e+01 5.210843373493976305e-01 9.998689607692481385e-01
6.168518518518518334e+01 5.301204819277108848e-01 9.999999999995827782e-01
6.169290123456789843e+01 5.301204819277108848e-01 9.999999980524137966e-01
6.170061728395062062e+01 5.271084337349397630e-01 9.032685999555192247e-01
6.170833333333333570e+01 5.271084337349397630e-01 -9.915680482788566952e-01
6.171604938271605079e+01 5.271084337349397630e-01 -9.999981842867975423e-01
6.172376543209876587e+01 5.271084337349397630e-01 -9.999999996127578727e-01
6.173148148148148096e+01 5.271084337349397630e-01 -9.999999999999179545e-01
6.173919753086419604e+01 5.271084337349397630e-01 -1.000000000000000000e+00
6.174691358024691112e+01 5.271084337349397630e-01 -1.000000000000000000e+00
6.175462962962963331e+01 5.271084337349397630e-01 -1.000000000000000000e+00
6.176234567901234840e+01 5.301204819277108848e-01 -1.000000000000000000e+00
6.177006172839506348e+01 5.301204819277108848e-01 -1.000000000000000000e+00
6.177777777777777857e+01 5.301204819277108848e-01 -1.000000000000000000e+00
6.178549382716049365e+01 5.331325301204818956e-01 -1.000000000000000000e+00
6.179320987654320874e+01 5.331325301204818956e-01 -1.000000000000000000e+00
6.180092592592592382e+01 5.331325301204818956e-01 -1.000000000000000000e+00
6.180864197530863891e+01 5.331325301204818956e-01 -1.000000000000000000e+00
6.181635802469136109e+01 5.331325301204818956e-01 -1.000000000000000000e+00
6.182407407407407618e+01 5.421686746987951500e-01 -1.000000000000000000e+00
6.183179012345679126e+01 5.421686746987951500e-01 -1.000000000000000000e+00
6.183950617283950635e+01 5.512048192771084043e-01 -1.000000000000000000e+00
6.184722222222222143e+01 5.843373493975904109e-01 9.999838350890349892e-01
6.185493827160493652e+01 5.843373493975904109e-01 8.428155140517370469e-01
6.186265432098765160e+01 5.903614457831325435e-01 9.999699718052530439e-01
6.187037037037036669e+01 5.903614457831325435e-01 6.885166768726410647e-01
6.187808641975308888e+01 5.903614457831325435e-01 -9.991642213811321449e-01
6.188580246913580396e+01 5.481927710843373935e-01 -1.000000000000000000e+00
6.189351851851851904e+01 5.481927710843373935e-01 -1.000000000000000000e+00
6.190123456790123413e+01 5.210843373493976305e-01 -1.000000000000000000e+00
6.190895061728394921e+01 5.210843373493976305e-01 -1.000000000000000000e+00
6.191666666666666430e+01 5.210843373493976305e-01 -1.000000000000000000e+00
6.192438271604937938e+01 5.271084337349397630e-01 -1.000000000000000000e+00
6.193209876543210157e+01 5.271084337349397630e-01 -1.000000000000000000e+00
6.193981481481481666e+01 5.451807228915662717e-01 -1.000000000000000000e+00
6.194753086419753174e+01 5.451807228915662717e-01 -1.000000000000000000e+00
6.195524691358024683e+01 5.451807228915662717e-01 -1.000000000000000000e+00
6.196296296296296191e+01 5.421686746987951500e-01 -1.000000000000000000e+00
6.197067901234567699e+01 5.421686746987951500e-01 -1.000000000000000000e+00
6.197839506172839208e+01 5.391566265060241392e-01 -1.000000000000000000e+00
6.198611111111111427e+01 5.481927710843373935e-01 -1.000000000000000000e+00
6.199382716049382935e+01 5.481927710843373935e-01 -1.000000000000000000e+00
6.200154320987654444e+01 5.572289156626506479e-01 -1.000000000000000000e+00
6.200925925925925952e+01 5.632530120481927804e-01 -1.000000000000000000e+00
6.201697530864197461e+01 5.632530120481927804e-01 -1.000000000000000000e+00
6.202469135802468969e+01 5.722891566265060348e-01 -1.000000000000000000e+00
6.203240740740740478e+01 5.722891566265060348e-01 -1.000000000000000000e+00
6.204012345679012697e+01 5.753012048192771566e-01 -1.000000000000000000e+00
6.204783950617284205e+01 5.753012048192771566e-01 -1.000000000000000000e+00
6.205555555555555713e+01 5.753012048192771566e-01 -1.000000000000000000e+00
6.206327160493827222e+01 5.783132530120481674e-01 -1.000000000000000000e+00
6.207098765432098730e+01 5.783132530120481674e-01 -1.000000000000000000e+00
6.207870370370370239e+01 5.813253012048192891e-01 -1.000000000000000000e+00
6.208641975308641747e+01 5.753012048192771566e-01 -1.000000000000000000e+00
6.209413580246913256e+01 5.753012048192771566e-01 -1.000000000000000000e+00
6.210185185185185475e+01 5.753012048192771566e-01 -1.000000000000000000e+00
6.210956790123456983e+01 5.753012048192771566e-01 -1.000000000000000000e+00
6.211728395061728492e+01 5.753012048192771566e-01 -1.000000000000000000e+00
6.212500000000000000e+01 5.783132530120481674e-01 -1.000000000000000000e+00
6.213271604938271508e+01 5.783132530120481674e-01 -1.000000000000000000e+00
6.214043209876543017e+01 5.783132530120481674e-01 -1.000000000000000000e+00
6.214814814814814525e+01 5.783132530120481674e-01 -1.000000000000000000e+00
6.215586419753086744e+01 5.783132530120481674e-01 -1.000000000000000000e+00
6.216358024691358253e+01 5.813253012048192891e-01 -1.000000000000000000e+00
6.217129629629629761e+01 5.813253012048192891e-01 -1.000000000000000000e+00
6.217901234567901270e+01 5.843373493975904109e-01 -1.000000000000000000e+00
6.218672839506172778e+01 5.813253012048192891e-01 -1.000000000000000000e+00
6.219444444444444287e+01 5.813253012048192891e-01 -1.000000000000000000e+00
6.220216049382715795e+01 5.753012048192771566e-01 -1.000000000000000000e+00
6.220987654320987303e+01 5.753012048192771566e-01 -1.000000000000000000e+00
6.221759259259259522e+01 5.753012048192771566e-01 -1.000000000000000000e+00
6.222530864197531031e+01 5.753012048192771566e-01 -1.000000000000000000e+00
6.223302469135802539e+01 5.753012048192771566e-01 -1.000000000000000000e+00
6.224074074074074048e+01 5.753012048192771566e-01 -1.000000000000000000e+00
6.224845679012345556e+01 5.753012048192771566e-01 -1.000000000000000000e+00
6.225617283950617065e+01 5.753012048192771566e-01 -1.000000000000000000e+00
6.226388888888888573e+01 5.753012048192771566e-01 -1.000000000000000000e+00
6.227160493827160792e+01 5.753012048192771566e-01 -1.000000000000000000e+00
6.227932098765432301e+01 5.753012048192771566e-01 -1.000000000000000000e+00
6.228703703703703809e+01 5.783132530120481674e-01 -1.000000000000000000e+00
6.229475308641975317e+01 5.783132530120481674e-01 -1.000000000000000000e+00
6.230246913580246826e+01 5.873493975903614217e-01 -1.000000000000000000e+00
6.231018518518518334e+01 5.873493975903614217e-01 -1.000000000000000000e+00
6.231790123456789843e+01 5.933734939759036653e-01 -1.000000000000000000e+00
6.232561728395062062e+01 5.903614457831325435e-01 -1.000000000000000000e+00
6.233333333333333570e+01 5.903614457831325435e-01 -1.000000000000000000e+00
6.234104938271605079e+01 6.024096385542169196e-01 -1.000000000000000000e+00
6.234876543209876587e+01 6.024096385542169196e-01 -1.000000000000000000e+00
6.235648148148148096e+01 6.144578313253011848e-01 -1.000000000000000000e+00
6.236419753086419604e+01 6.204819277108434283e-01 -1.000000000000000000e+00
6.237191358024691112e+01 6.204819277108434283e-01 -1.000000000000000000e+00
6.237962962962963331e+01 6.295180722891565717e-01 -1.000000000000000000e+00
6.238734567901234840e+01 6.054216867469879304e-01 -1.000000000000000000e+00
6.239506172839506348e+01 6.054216867469879304e-01 -1.000000000000000000e+00
6.240277777777777857e+01 5.993975903614457978e-01 -1.000000000000000000e+00
6.241049382716049365e+01 5.993975903614457978e-01 -1.000000000000000000e+00
6.241820987654320874e+01 6.144578313253011848e-01 -1.000000000000000000e+00
6.242592592592592382e+01 6.054216867469879304e-01 -1.000000000000000000e+00
6.243364197530863891e+01 6.054216867469879304e-01 -1.000000000000000000e+00
6.244135802469136109e+01 5.933734939759036653e-01 -1.000000000000000000e+00
6.244907407407407618e+01 5.933734939759036653e-01 -1.000000000000000000e+00
6.245679012345679126e+01 5.933734939759036653e-01 -1.000000000000000000e+00
6.246450617283950635e+01 6.054216867469879304e-01 -1.000000000000000000e+00
6.247222222222222143e+01 6.054216867469879304e-01 -1.000000000000000000e+00
6.247993827160493652e+01 6.174698795180723065e-01 -1.000000000000000000e+00
6.248765432098765160e+01 6.174698795180723065e-01 -1.000000000000000000e+00
6.249537037037036669e+01 6.234939759036144391e-01 -1.000000000000000000e+00
6.250308641975308888e+01 6.174698795180723065e-01 -1.000000000000000000e+00
6.251080246913580396e+01 6.174698795180723065e-01 -1.000000000000000000e+00
6.251851851851851904e+01 6.114457831325301740e-01 -1.000000000000000000e+00
6.252623456790123413e+01 6.084337349397590522e-01 -1.000000000000000000e+00
6.253395061728394921e+01 6.084337349397590522e-01 -1.000000000000000000e+00
6.254166666666666430e+01 6.084337349397590522e-01 -1.000000000000000000e+00
6.254938271604937938e+01 6.084337349397590522e-01 -1.000000000000000000e+00
6.255709876543210157e+01 6.084337349397590522e-01 -1.000000000000000000e+00
6.256481481481481666e+01 6.084337349397590522e-01 -1.000000000000000000e+00
6.257253086419753174e+01 6.084337349397590522e-01 -1.000000000000000000e+00
6.258024691358024683e+01 6.054216867469879304e-01 -1.000000000000000000e+00
6.258796296296296191e+01 6.054216867469879304e-01 -1.000000000000000000e+00
6.259567901234567699e+01 6.054216867469879304e-01 -1.000000000000000000e+00
6.260339506172839208e+01 6.174698795180723065e-01 -1.000000000000000000e+00
6.261111111111111427e+01 6.174698795180723065e-01 -1.000000000000000000e+00
6.261882716049382935e+01 6.234939759036144391e-01 -1.000000000000000000e+00
6.262654320987654444e+01 6.234939759036144391e-01 -1.000000000000000000e+00
6.263425925925925952e+01 6.174698795180723065e-01 -1.000000000000000000e+00
6.264197530864197461e+01 6.144578313253011848e-01 -1.000000000000000000e+00
6.264969135802468969e+01 6.144578313253011848e-01 -1.000000000000000000e+00
6.265740740740740478e+01 6.114457831325301740e-01 -1.000000000000000000e+00
6.266512345679012697e+01 6.114457831325301740e-01 -1.000000000000000000e+00
6.267283950617284205e+01 6.114457831325301740e-01 -1.000000000000000000e+00
6.268055555555555713e+01 6.144578313253011848e-01 -1.000000000000000000e+00
6.268827160493827222e+01 6.144578313253011848e-01 -1.000000000000000000e+00
6.269598765432098730e+01 6.174698795180723065e-01 -1.000000000000000000e+00
6.270370370370370239e+01 6.144578313253011848e-01 -1.000000000000000000e+00
6.271141975308641747e+01 6.144578313253011848e-01 -1.000000000000000000e+00
6.271913580246913256e+01 6.174698795180723065e-01 -1.000000000000000000e+00
6.272685185185185475e+01 6.174698795180723065e-01 -1.000000000000000000e+00
6.273456790123456983e+01 6.174698795180723065e-01 -1.000000000000000000e+00
6.274228395061728492e+01 6.174698795180723065e-01 -1.000000000000000000e+00
6.275000000000000000e+01 6.174698795180723065e-01 -1.000000000000000000e+00
6.275771604938271508e+01 6.204819277108434283e-01 -1.000000000000000000e+00
6.276543209876543017e+01 6.204819277108434283e-01 -1.000000000000000000e+00
6.277314814814814525e+01 6.204819277108434283e-01 -1.000000000000000000e+00
6.278086419753086744e+01 6.295180722891565717e-01 -1.000000000000000000e+00
6.278858024691358253e+01 6.295180722891565717e-01 -1.000000000000000000e+00
6.279629629629629761e+01 6.295180722891565717e-01 -1.000000000000000000e+00
6.280401234567901270e+01 6.325301204819276935e-01 -1.000000000000000000e+00
6.281172839506172778e+01 6.325301204819276935e-01 -1.000000000000000000e+00
6.281944444444444287e+01 6.355421686746988152e-01 -1.000000000000000000e+00
6.282716049382715795e+01 6.355421686746988152e-01 -1.000000000000000000e+00
6.283487654320987303e+01 6.355421686746988152e-01 -1.000000000000000000e+00
6.284259259259259522e+01 6.445783132530120696e-01 -1.000000000000000000e+00
6.285030864197531031e+01 6.445783132530120696e-01 -1.000000000000000000e+00
6.285802469135802539e+01 6.566265060240963347e-01 -1.000000000000000000e+00
6.286574074074074048e+01 6.566265060240963347e-01 -1.000000000000000000e+00
6.287345679012345556e+01 6.566265060240963347e-01 -1.000000000000000000e+00
6.288117283950617065e+01 6.506024096385542022e-01 -1.000000000000000000e+00
6.288888888888888573e+01 6.506024096385542022e-01 -1.000000000000000000e+00
6.289660493827160792e+01 6.355421686746988152e-01 -1.000000000000000000e+00
6.290432098765432301e+01 6.355421686746988152e-01 -1.000000000000000000e+00
6.291203703703703809e+01 6.355421686746988152e-01 -1.000000000000000000e+00
6.291975308641975317e+01 6.325301204819276935e-01 -1.000000000000000000e+00
6.292746913580246826e+01 6.325301204819276935e-01 -1.000000000000000000e+00
6.293518518518518334e+01 6.295180722891565717e-01 -1.000000000000000000e+00
6.294290123456789843e+01 6.385542168674698260e-01 -1.000000000000000000e+00
6.295061728395062062e+01 6.385542168674698260e-01 -1.000000000000000000e+00
6.295833333333333570e+01 6.566265060240963347e-01 -1.000000000000000000e+00
6.296604938271605079e+01 6.566265060240963347e-01 -1.000000000000000000e+00
6.297376543209876587e+01 6.656626506024095891e-01 -1.000000000000000000e+00
6.298148148148148096e+01 6.475903614457830804e-01 -1.000000000000000000e+00
6.298919753086419604e+01 6.475903614457830804e-01 -1.000000000000000000e+00
6.299691358024691112e+01 6.385542168674698260e-01 -1.000000000000000000e+00
6.300462962962963331e+01 6.385542168674698260e-01 -1.000000000000000000e+00
6.301234567901234840e+01 6.475903614457830804e-01 -1.000000000000000000e+00
6.302006172839506348e+01 6.355421686746988152e-01 -1.000000000000000000e+00
6.302777777777777857e+01 6.355421686746988152e-01 -1.000000000000000000e+00
6.303549382716049365e+01 6.234939759036144391e-01 -1.000000000000000000e+00
6.304320987654320874e+01 6.325301204819276935e-01 -1.000000000000000000e+00
6.305092592592592382e+01 6.325301204819276935e-01 -1.000000000000000000e+00
6.305864197530863891e+01 6.415662650602409478e-01 -1.000000000000000000e+00
6.306635802469136109e+01 6.415662650602409478e-01 -1.000000000000000000e+00
6.307407407407407618e+01 6.415662650602409478e-01 -1.000000000000000000e+00
6.308179012345679126e+01 6.385542168674698260e-01 -1.000000000000000000e+00
6.308950617283950635e+01 6.385542168674698260e-01 -1.000000000000000000e+00
6.309722222222222143e+01 6.385542168674698260e-01 -1.000000000000000000e+00
6.310493827160493652e+01 6.385542168674698260e-01 -1.000000000000000000e+00
6.311265432098765160e+01 6.415662650602409478e-01 -1.000000000000000000e+00
6.312037037037036669e+01 6.385542168674698260e-01 -1.000000000000000000e+00
6.312808641975308888e+01 6.385542168674698260e-01 -1.000000000000000000e+00
6.313580246913580396e+01 6.355421686746988152e-01 -1.000000000000000000e+00
6.314351851851851904e+01 6.355421686746988152e-01 -1.000000000000000000e+00
6.315123456790123413e+01 6.355421686746988152e-01 -1.000000000000000000e+00
6.315895061728394921e+01 6.355421686746988152e-01 -1.000000000000000000e+00
6.316666666666666430e+01 6.355421686746988152e-01 -1.000000000000000000e+00
6.317438271604937938e+01 6.355421686746988152e-01 -1.000000000000000000e+00
6.318209876543210157e+01 6.355421686746988152e-01 -1.000000000000000000e+00
6.318981481481481666e+01 6.355421686746988152e-01 -1.000000000000000000e+00
6.319753086419753174e+01 6.355421686746988152e-01 -1.000000000000000000e+00
6.320524691358024683e+01 6.355421686746988152e-01 -1.000000000000000000e+00
6.321296296296296191e+01 6.355421686746988152e-01 -1.000000000000000000e+00
6.322067901234567699e+01 6.415662650602409478e-01 -1.000000000000000000e+00
6.322839506172839208e+01 6.415662650602409478e-01 -1.000000000000000000e+00
6.323611111111111427e+01 6.475903614457830804e-01 -1.000000000000000000e+00
6.324382716049382935e+01 6.475903614457830804e-01 -1.000000000000000000e+00
6.325154320987654444e+01 6.475903614457830804e-01 -1.000000000000000000e+00
6.325925925925925952e+01 6.475903614457830804e-01 -1.000000000000000000e+00
6.326697530864197461e+01 6.475903614457830804e-01 -1.000000000000000000e+00
6.327469135802468969e+01 6.475903614457830804e-01 -1.000000000000000000e+00
6.328240740740740478e+01 6.475903614457830804e-01 -1.000000000000000000e+00
6.329012345679012697e+01 6.475903614457830804e-01 -1.000000000000000000e+00
6.329783950617284205e+01 6.445783132530120696e-01 -1.000000000000000000e+00
6.330555555555555713e+01 6.445783132530120696e-01 -1.000000000000000000e+00
6.331327160493827222e+01 6.415662650602409478e-01 -1.000000000000000000e+00
6.332098765432098730e+01 6.415662650602409478e-01 -1.000000000000000000e+00
6.332870370370370239e+01 6.415662650602409478e-01 -1.000000000000000000e+00
6.333641975308641747e+01 6.475903614457830804e-01 -1.000000000000000000e+00
6.334413580246913966e+01 6.475903614457830804e-01 -1.000000000000000000e+00
6.335185185185185475e+01 6.506024096385542022e-01 -1.000000000000000000e+00
6.335956790123456983e+01 6.566265060240963347e-01 -1.000000000000000000e+00
6.336728395061728492e+01 6.566265060240963347e-01 -1.000000000000000000e+00
6.337500000000000000e+01 6.506024096385542022e-01 -1.000000000000000000e+00
6.338271604938271508e+01 6.506024096385542022e-01 -1.000000000000000000e+00
6.339043209876543017e+01 6.506024096385542022e-01 -1.000000000000000000e+00
6.339814814814814525e+01 6.385542168674698260e-01 -1.000000000000000000e+00
6.340586419753086034e+01 6.385542168674698260e-01 -1.000000000000000000e+00
6.341358024691358253e+01 6.415662650602409478e-01 -1.000000000000000000e+00
6.342129629629629761e+01 6.415662650602409478e-01 -1.000000000000000000e+00
